{
  "advancedEditorSelectedIdentifier" : "ProjectBrowser",
  "openSceneRelativePaths" : [
    "Scene.usda",
    "CalmScene.usda",
    "FishScene.usda",
    "SlugScene.usda",
    "StarfishScene.usda"
  ],
  "recentIdentifiers" : {

  },
  "sceneCameraHistory" : {
    "26DBAE76-5DD8-47B6-A085-1B4ADA111097" : [
      {
        "date" : 760186447.676453,
        "title" : "Untitled",
        "transform" : [
          1,
          0,
          0,
          0,
          0,
          0.7071069,
          -0.70710677,
          0,
          0,
          0.70710677,
          0.7071069,
          0,
          0.010547911,
          0.2257826,
          0.24575882,
          1
        ]
      }
    ],
    "4A12084D-CA33-437B-A17D-37F751660202" : [
      {
        "date" : 760186876.060349,
        "title" : "Untitled",
        "transform" : [
          0.9999566,
          -2.544429e-10,
          -0.00932468,
          0,
          -0.0020622676,
          0.9752371,
          -0.22115271,
          0,
          0.009093774,
          0.22116227,
          0.9751947,
          0,
          0.023519227,
          0.571992,
          2.522146,
          1
        ]
      }
    ],
    "7298F3FE-943B-4D5F-9BD7-6A5914882930" : [
      {
        "date" : 760186928.52529,
        "title" : "Untitled",
        "transform" : [
          0.99999964,
          -2.6020436e-11,
          -0.00086466456,
          0,
          -0.00039631882,
          0.88877183,
          -0.4583497,
          0,
          0.00076848944,
          0.45834985,
          0.88877153,
          0,
          0.00037292205,
          0.22242172,
          0.43129086,
          1
        ]
      },
      {
        "date" : 760186920.826912,
        "title" : "Untitled",
        "transform" : [
          0.99999964,
          -2.6020436e-11,
          -0.00086466456,
          0,
          -0.00039631882,
          0.88877183,
          -0.4583497,
          0,
          0.00076848944,
          0.45834985,
          0.88877153,
          0,
          0.00011218102,
          0.06690808,
          0.12973931,
          1
        ]
      },
      {
        "date" : 760186855.25999,
        "title" : "Untitled",
        "transform" : [
          0.99999964,
          -2.6020436e-11,
          -0.00086466456,
          0,
          -0.00039631882,
          0.88877183,
          -0.4583497,
          0,
          0.00076848944,
          0.45834985,
          0.88877153,
          0,
          4.606697e-05,
          0.027475704,
          0.05327726,
          1
        ]
      }
    ],
    "7B28CBC1-E5F9-4784-9533-4DF63111C550" : [
      {
        "date" : 760186822.421897,
        "title" : "Untitled",
        "transform" : [
          0.99991935,
          -1.4609111e-10,
          0.012698363,
          0,
          0.004495416,
          0.9352397,
          -0.3539868,
          0,
          -0.011876013,
          0.35401538,
          0.9351642,
          0,
          -0.03071493,
          0.91559,
          2.418615,
          1
        ]
      }
    ],
    "96192C49-3FDC-43FC-AA55-332E6EF97FA7" : [
      {
        "date" : 760186791.244671,
        "title" : "Untitled",
        "transform" : [
          0.9994524,
          -1.7792112e-10,
          -0.033088576,
          0,
          -0.014267364,
          0.9022627,
          -0.43095082,
          0,
          0.02985459,
          0.4311869,
          0.9017686,
          0,
          0.077212915,
          1.1151787,
          2.3322442,
          1
        ]
      }
    ]
  },
  "sceneViewportBackgroundColors" : {

  },
  "selectedSceneRelativePath" : "CalmScene.usda"
}